
 Iteration : 360 Learning rate : 0.00999999977648 Validation acc top1  : 0.396428571429
 Iteration : 360 Learning rate : 0.00999999977648 Validation acc top1  : 0.400285714286